rf : 0.12610
nn_simple : 0.44
nn_ae: 0.14663
