rf : 0.12610
nn_ae: 0.14663
